 -1 -1 -1 -1 -1 -1 -1 -1 -1 -1 -1 -1 -1 -1 -1 -1 -1 -1 -1 -1 -1 -1 -1 -1 -1 -1
 -1 48 48 48 -1 48 48 48 49 -1 49 49 49 49 -1 50 50 51 51 51 52 52 52 53 53 -1
 -1 47 -1 47 -1 -1 -1 -1 48 -1 48 -1 48 49 -1 49 -1 50 -1 -1 -1 -1 -1 -1 52 -1
 -1 46 -1 46 -1 46 46 46 47 -1 47 -1 47 48 -1 48 -1 49 -1 49 50 50 51 -1 51 -1
 -1 45 -1 45 -1 45 -1 -1 -1 -1 -1 -1 46 47 -1 47 -1 48 -1 -1 -1 -1 50 -1 51 -1
 -1 44 -1 44 -1 44 44 44 45 45 45 -1 45 46 -1 46 -1 -1 -1 48 48 48 49 -1 50 -1
 -1 43 -1 43 -1 43 -1 -1 -1 -1 44 -1 44 45 -1 45 -1 46 -1 47 -1 -1 -1 -1 49 -1
 -1 42 -1 42 -1 42 42 42 43 -1 43 43 43 44 44 44 -1 45 -1 46 46 47 47 47 48 -1
 -1 41 -1 41 -1 -1 -1 -1 42 -1 -1 -1 -1 -1 -1 -1 -1 44 -1 45 -1 -1 -1 -1 -1 -1
 -1 40 -1 40 40 40 -1 40 41 41 41 41 41 42 42 42 43 43 -1 44 44 45 45 46 46 -1
 -1 -1 -1 -1 -1 39 -1 39 -1 -1 -1 -1 -1 -1 -1 -1 -1 -1 -1 -1 -1 -1 -1 -1 45 -1
 -1 38 38 38 -1 38 -1 38 39 39 39 39 40 40 40 40 41 41 -1 42 42 43 43 -1 44 -1
 -1 -1 -1 37 -1 37 -1 -1 38 -1 -1 -1 -1 -1 -1 -1 -1 40 -1 41 -1 -1 -1 -1 44 -1
 -1 36 36 36 -1 36 36 -1 37 -1 37 37 38 38 38 39 39 39 -1 40 41 41 42 42 43 -1
 -1 35 -1 -1 -1 -1 35 -1 36 -1 36 -1 -1 -1 -1 -1 -1 -1 -1 -1 -1 -1 41 -1 42 -1
 -1 34 34 34 34 34 34 35 35 -1 35 35 36 36 36 37 37 38 -1 38 39 -1 40 -1 41 -1
 -1 -1 -1 -1 33 -1 -1 -1 -1 -1 -1 -1 -1 -1 -1 -1 -1 -1 -1 -1 38 -1 39 -1 40 -1
 -1 32 32 32 32 -1 32 33 33 33 33 -1 34 34 35 -1 35 36 36 -1 37 -1 38 -1 39 -1
 -1 -1 -1 -1 31 -1 31 -1 32 -1 32 -1 33 -1 34 -1 34 -1 35 -1 36 -1 37 -1 39 -1
 -1 30 30 30 30 -1 30 -1 31 -1 31 -1 32 -1 33 -1 34 -1 34 -1 36 -1 37 -1 38 -1
 -1 29 -1 -1 29 -1 29 -1 30 -1 30 31 31 -1 32 32 33 -1 34 -1 35 -1 36 -1 37 -1
 -1 28 28 -1 28 -1 28 -1 29 -1 -1 -1 -1 -1 31 -1 -1 -1 -1 -1 34 -1 35 -1 36 -1
 -1 -1 -1 -1 27 -1 -1 -1 28 -1 28 29 29 30 30 30 31 31 32 32 33 34 34 35 35 -1
 -1 26 26 26 26 26 26 27 27 -1 28 -1 -1 -1 -1 -1 -1 -1 -1 -1 -1 -1 -1 -1 -1 -1
 -1 25 -1 -1 -1 -1 -1 -1 -1 -1 27 27 27 28 28 29 29 30 30 -1 31 32 33 33 34 -1
 -1 24 24 24 24 24 25 25 25 -1 -1 -1 -1 -1 -1 -1 28 -1 29 -1 -1 -1 -1 -1 33 -1
 -1 23 -1 -1 -1 -1 -1 -1 24 -1 25 25 25 -1 26 27 27 -1 29 29 30 30 31 32 33 -1
 -1 22 22 22 22 22 23 -1 23 -1 24 -1 25 25 26 -1 27 -1 -1 -1 -1 -1 -1 -1 32 -1
 -1 -1 -1 -1 21 -1 -1 -1 -1 -1 -1 -1 -1 -1 -1 -1 26 26 -1 28 -1 29 30 30 31 -1
 -1 20 20 -1 20 -1 21 -1 21 22 22 22 23 23 24 24 25 26 26 27 -1 28 -1 -1 -1 -1
 -1 19 -1 -1 19 -1 20 -1 20 -1 21 -1 -1 -1 -1 -1 24 -1 -1 -1 -1 28 28 29 30 -1
 -1 18 18 18 18 -1 19 -1 19 -1 20 -1 21 22 22 -1 23 -1 25 25 -1 -1 -1 -1 -1 -1
 -1 -1 -1 -1 17 17 18 18 18 -1 19 20 20 -1 21 22 23 -1 24 25 25 26 27 28 29 -1
 -1 16 16 -1 16 -1 -1 -1 -1 -1 -1 -1 -1 -1 -1 -1 -1 -1 23 -1 -1 -1 -1 -1 -1 -1
 -1 -1 15 -1 15 -1 16 16 17 -1 17 18 19 19 20 21 21 22 23 23 24 25 26 27 27 -1
 -1 14 14 -1 14 -1 15 -1 -1 -1 17 -1 -1 -1 -1 -1 -1 -1 -1 -1 -1 -1 -1 -1 27 -1
 -1 13 -1 -1 13 -1 14 14 15 15 16 -1 17 -1 18 19 20 -1 21 22 23 24 25 26 26 -1
 -1 12 12 -1 12 -1 -1 -1 -1 -1 15 -1 16 -1 18 -1 19 -1 21 -1 -1 -1 -1 -1 -1 -1
 -1 -1 11 -1 11 -1 12 13 13 14 14 -1 16 16 17 -1 19 -1 20 21 22 23 24 25 25 -1
 -1 10 10 -1 10 -1 -1 -1 -1 -1 13 -1 -1 -1 -1 -1 18 -1 -1 -1 -1 -1 -1 -1 25 -1
 -1 9 9 9 9 10 10 11 11 12 13 13 14 15 16 17 17 18 19 20 21 22 23 24 25 -1
 -1 -1 -1 -1 -1 9 -1 -1 -1 -1 -1 -1 -1 -1 -1 -1 17 -1 -1 -1 -1 -1 -1 -1 -1 -1
 -1 7 7 7 -1 8 9 9 10 -1 11 12 13 14 15 16 17 17 18 19 20 21 22 23 24 -1
 -1 6 -1 6 -1 7 -1 8 9 -1 11 -1 13 13 -1 -1 -1 -1 -1 -1 -1 -1 -1 -1 24 -1
 -1 5 -1 5 -1 -1 -1 -1 9 -1 10 -1 12 13 -1 15 16 17 -1 19 20 21 -1 23 24 -1
 -1 4 -1 4 5 6 6 7 8 -1 10 -1 12 13 -1 15 -1 16 -1 18 -1 20 -1 22 -1 -1
 -1 3 -1 -1 -1 -1 -1 -1 -1 -1 9 -1 11 12 -1 14 -1 16 -1 18 -1 20 -1 22 23 -1
 -1 2 -1 3 4 4 5 6 7 8 9 -1 11 12 13 14 -1 16 -1 18 -1 20 -1 -1 23 -1
 -1 1 -1 -1 -1 -1 -1 -1 -1 -1 9 -1 11 12 -1 14 -1 16 -1 18 -1 20 -1 22 23 -1
 -1 0 1 2 3 4 5 6 7 8 9 -1 11 12 -1 14 15 16 17 18 -1 20 21 22 23 -1
 -1 -1 -1 -1 -1 -1 -1 -1 -1 -1 -1 -1 -1 -1 -1 -1 -1 -1 -1 -1 -1 -1 -1 -1 -1 -1
