 -1 -1 -1 -1 -1 -1 -1 -1 -1 -1 -1 -1 -1 -1 -1 -1 -1 -1 -1 -1 -1 -1 -1 -1 -1 -1
 -1 14 13 12 -1 10 9 8 7 -1 5 4 3 2 -1 0 1 2 3 4 5 6 7 8 9 -1
 -1 15 -1 13 -1 -1 -1 -1 8 -1 6 -1 4 3 -1 1 -1 3 -1 -1 -1 -1 -1 -1 10 -1
 -1 16 -1 14 -1 12 11 10 9 -1 7 -1 5 4 -1 2 -1 4 -1 6 7 8 9 -1 11 -1
 -1 17 -1 15 -1 13 -1 -1 -1 -1 -1 -1 6 5 -1 3 -1 5 -1 -1 -1 -1 10 -1 12 -1
 -1 18 -1 16 -1 14 13 12 11 10 9 -1 7 6 -1 4 -1 -1 -1 8 9 10 11 -1 13 -1
 -1 19 -1 17 -1 15 -1 -1 -1 -1 10 -1 8 7 -1 5 -1 7 -1 9 -1 -1 -1 -1 14 -1
 -1 20 -1 18 -1 16 15 14 13 -1 11 10 9 8 7 6 -1 8 -1 10 11 12 13 14 15 -1
 -1 21 -1 19 -1 -1 -1 -1 14 -1 -1 -1 -1 -1 -1 -1 -1 9 -1 11 -1 -1 -1 -1 -1 -1
 -1 22 -1 20 19 18 -1 16 15 14 13 12 11 10 9 8 9 10 -1 12 13 14 15 16 17 -1
 -1 -1 -1 -1 -1 19 -1 17 -1 -1 -1 -1 -1 -1 -1 -1 -1 -1 -1 -1 -1 -1 -1 -1 18 -1
 -1 24 23 22 -1 20 -1 18 17 16 15 14 13 12 11 10 11 12 -1 14 15 16 17 -1 19 -1
 -1 -1 -1 23 -1 21 -1 -1 18 -1 -1 -1 -1 -1 -1 -1 -1 13 -1 15 -1 -1 -1 -1 20 -1
 -1 26 25 24 -1 22 21 -1 19 -1 17 16 15 14 13 12 13 14 -1 16 17 18 19 20 21 -1
 -1 27 -1 -1 -1 -1 22 -1 20 -1 18 -1 -1 -1 -1 -1 -1 -1 -1 -1 -1 -1 20 -1 22 -1
 -1 28 27 26 25 24 23 22 21 -1 19 18 17 16 15 14 15 16 -1 18 19 -1 21 -1 23 -1
 -1 -1 -1 -1 26 -1 -1 -1 -1 -1 -1 -1 -1 -1 -1 -1 -1 -1 -1 -1 20 -1 22 -1 24 -1
 -1 30 29 28 27 -1 25 24 23 22 21 -1 19 18 17 -1 17 18 19 -1 21 -1 23 -1 25 -1
 -1 -1 -1 -1 28 -1 26 -1 24 -1 22 -1 20 -1 18 -1 18 -1 20 -1 22 -1 24 -1 26 -1
 -1 32 31 30 29 -1 27 -1 25 -1 23 -1 21 -1 19 -1 19 -1 21 -1 23 -1 25 -1 27 -1
 -1 33 -1 -1 30 -1 28 -1 26 -1 24 23 22 -1 20 19 20 -1 22 -1 24 -1 26 -1 28 -1
 -1 34 33 -1 31 -1 29 -1 27 -1 -1 -1 -1 -1 21 -1 -1 -1 -1 -1 25 -1 27 -1 29 -1
 -1 -1 -1 -1 32 -1 -1 -1 28 -1 26 25 24 23 22 21 22 23 24 25 26 27 28 29 30 -1
 -1 36 35 34 33 32 31 30 29 -1 27 -1 -1 -1 -1 -1 -1 -1 -1 -1 -1 -1 -1 -1 -1 -1
 -1 37 -1 -1 -1 -1 -1 -1 -1 -1 28 27 26 25 24 23 24 25 26 -1 28 29 30 31 32 -1
 -1 38 37 36 35 34 33 32 31 -1 -1 -1 -1 -1 -1 -1 25 -1 27 -1 -1 -1 -1 -1 33 -1
 -1 39 -1 -1 -1 -1 -1 -1 32 -1 30 29 28 -1 26 25 26 -1 28 29 30 31 32 33 34 -1
 -1 40 39 38 37 36 35 -1 33 -1 31 -1 29 28 27 -1 27 -1 -1 -1 -1 -1 -1 -1 35 -1
 -1 -1 -1 -1 38 -1 -1 -1 -1 -1 -1 -1 -1 -1 -1 -1 28 29 -1 31 -1 33 34 35 36 -1
 -1 42 41 -1 39 -1 37 -1 35 34 33 32 31 30 29 28 29 30 31 32 -1 34 -1 -1 -1 -1
 -1 43 -1 -1 40 -1 38 -1 36 -1 34 -1 -1 -1 -1 -1 30 -1 -1 -1 -1 35 36 37 38 -1
 -1 44 43 42 41 -1 39 -1 37 -1 35 -1 33 32 31 -1 31 -1 33 34 -1 -1 -1 -1 -1 -1
 -1 -1 -1 -1 42 41 40 39 38 -1 36 35 34 -1 32 31 32 -1 34 35 36 37 38 39 40 -1
 -1 46 45 -1 43 -1 -1 -1 -1 -1 -1 -1 -1 -1 -1 -1 -1 -1 35 -1 -1 -1 -1 -1 -1 -1
 -1 -1 46 -1 44 -1 42 41 40 -1 38 37 36 35 34 33 34 35 36 37 38 39 40 41 42 -1
 -1 48 47 -1 45 -1 43 -1 -1 -1 39 -1 -1 -1 -1 -1 -1 -1 -1 -1 -1 -1 -1 -1 43 -1
 -1 49 -1 -1 46 -1 44 43 42 41 40 -1 38 -1 36 35 36 -1 38 39 40 41 42 43 44 -1
 -1 50 49 -1 47 -1 -1 -1 -1 -1 41 -1 39 -1 37 -1 37 -1 39 -1 -1 -1 -1 -1 -1 -1
 -1 -1 50 -1 48 -1 46 45 44 43 42 -1 40 39 38 -1 38 -1 40 41 42 43 44 45 46 -1
 -1 52 51 -1 49 -1 -1 -1 -1 -1 43 -1 -1 -1 -1 -1 39 -1 -1 -1 -1 -1 -1 -1 47 -1
 -1 53 52 51 50 49 48 47 46 45 44 43 42 41 40 39 40 41 42 43 44 45 46 47 48 -1
 -1 -1 -1 -1 -1 50 -1 -1 -1 -1 -1 -1 -1 -1 -1 -1 41 -1 -1 -1 -1 -1 -1 -1 -1 -1
 -1 55 54 53 -1 51 50 49 48 -1 46 45 44 43 42 41 42 43 44 45 46 47 48 49 50 -1
 -1 56 -1 54 -1 52 -1 50 49 -1 47 -1 45 44 -1 -1 -1 -1 -1 -1 -1 -1 -1 -1 51 -1
 -1 57 -1 55 -1 -1 -1 -1 50 -1 48 -1 46 45 -1 43 44 45 -1 47 48 49 -1 51 52 -1
 -1 58 -1 56 55 54 53 52 51 -1 49 -1 47 46 -1 44 -1 46 -1 48 -1 50 -1 52 -1 -1
 -1 59 -1 -1 -1 -1 -1 -1 -1 -1 50 -1 48 47 -1 45 -1 47 -1 49 -1 51 -1 53 54 -1
 -1 60 -1 58 57 56 55 54 53 52 51 -1 49 48 47 46 -1 48 -1 50 -1 52 -1 -1 55 -1
 -1 61 -1 -1 -1 -1 -1 -1 -1 -1 52 -1 50 49 -1 47 -1 49 -1 51 -1 53 -1 55 56 -1
 -1 62 61 60 59 58 57 56 55 54 53 -1 51 50 -1 48 49 50 51 52 -1 54 55 56 57 -1
 -1 -1 -1 -1 -1 -1 -1 -1 -1 -1 -1 -1 -1 -1 -1 -1 -1 -1 -1 -1 -1 -1 -1 -1 -1 -1
